Configuration 1: without regularization

Accuracy = 11.05%
Loss = 8.4882

              precision    recall  f1-score   support

           0       0.00      0.00      0.00        22
           1       0.00      0.00      0.00        26
           2       0.00      0.00      0.00        21
           3       0.00      0.00      0.00        14
           4       0.00      0.00      0.00        22
           5       0.50      0.33      0.40        18
           6       0.00      0.00      0.00        21
           7       0.80      0.19      0.31        21
           8       0.00      0.00      0.00        13
           9       0.00      0.00      0.00        21
          10       0.00      0.00      0.00        16
          11       0.00      0.00      0.00        24
          12       0.09      0.67      0.16        21
          13       0.03      0.31      0.05        13
          14       0.17      0.05      0.08        20
          15       0.00      0.00      0.00        17
          16       0.67      0.07      0.12        29
          17       0.00      0.00      0.00        15
          18       0.00      0.00      0.00        18
          19       1.00      0.38      0.56        13
          20       0.00      0.00      0.00        14
          21       0.10      0.89      0.18        19
          22       0.00      0.00      0.00        21
          23       0.00      0.00      0.00         9
          24       0.00      0.00      0.00        18
          25       0.20      0.05      0.08        19
          26       0.00      0.00      0.00        23

    accuracy                           0.11       508
   macro avg       0.13      0.11      0.07       508
weighted avg       0.14      0.11      0.07       508
