Final configuration: with regularizer L2 = 0.001 and dropout = 0.5

Accuracy = 62.60%
Loss = 2.7236

              precision    recall  f1-score   support

           0       0.49      0.84      0.62        25
           1       0.85      0.61      0.71        18
           2       0.43      0.93      0.59        14
           3       0.40      0.62      0.48        13
           4       0.54      0.70      0.61        27
           5       0.76      0.65      0.70        20
           6       0.55      0.46      0.50        13
           7       0.72      0.95      0.82        22
           8       0.47      0.69      0.56        13
           9       0.76      0.89      0.82        18
          10       0.62      0.40      0.49        25
          11       0.56      0.53      0.54        19
          12       0.88      0.52      0.65        29
          13       0.33      0.57      0.42        14
          14       0.73      0.35      0.47        23
          15       0.33      0.04      0.08        23
          16       0.76      0.67      0.71        24
          17       0.86      0.72      0.78        25
          18       0.73      0.67      0.70        12
          19       0.62      0.67      0.64        12
          20       0.65      0.79      0.71        19
          21       0.60      0.43      0.50        21
          22       0.86      0.50      0.63        24
          23       0.86      0.92      0.89        13
          24       0.78      0.58      0.67        12
          25       0.61      0.73      0.67        15
          26       0.59      0.87      0.70        15

    accuracy                           0.63       508
   macro avg       0.64      0.64      0.62       508
weighted avg       0.65      0.63      0.61       508
